   730.000000               1
   727.894043               2
   725.769653               3
   723.626465               4
   721.464050               5
   719.282043               6
   717.079956               7
   714.857422               8
   712.613953               9
   710.349121              10
   708.062378              11
   705.753296              12
   703.421326              13
   701.065918              14
   698.686523              15
   696.282593              16
   693.853455              17
   691.398560              18
   688.917236              19
   686.408813              20
   683.872559              21
   681.307800              22
   678.713745              23
   676.089600              24
   673.434509              25
   670.747620              26
   668.028076              27
   665.274902              28
   662.487122              29
   659.663696              30
   656.803528              31
   653.905518              32
   650.968445              33
   647.991089              34
   644.972107              35
   641.910156              36
   638.803711              37
   635.651306              38
   632.451294              39
   629.201904              40
   625.901428              41
   622.547852              42
   619.139221              43
   615.673340              44
   612.147888              45
   608.560486              46
   604.908508              47
   601.189148              48
   597.399414              49
   593.536194              50
   589.596008              51
   585.575195              52
   581.469788              53
   577.275574              54
   572.987915              55
   568.601746              56
   564.111633              57
   559.511719              58
   554.795471              59
   549.955750              60
   544.984741              61
   539.873901              62
   534.613647              63
   529.193359              64
   523.601257              65
   517.823975              66
   511.846558              67
   505.652100              68
   499.221222              69
   492.531769              70
   485.558075              71
   478.270264              72
   470.633179              73
   462.605103              74
   454.135864              75
   445.164398              76
   435.615173              77
   425.393127              78
   414.376038              79
   402.402710              80
   389.253754              81
   374.618500              82
   358.033875              83
   338.759644              84
   315.486877              85
   285.498749              86
   239.000000              87
